Punk-a-doo
 0.0000  0.0282
 0.6400  0.0282
 0.6400  0.0359
 1.0390  0.0359
 1.0510  0.0451
 1.1130  0.0451
 1.1250  0.0554
 1.1660  0.0554
 1.1720  0.0587
 1.6950  0.0587

Kaiju
 0.0000  0.0300
 0.5100  0.0310
 0.6700  0.0580
 0.8200  0.0490
 1.3500  0.0720
 1.6300  0.0850
 1.7300  0.0900
 1.8550  0.1000

Capotribù
 0.000        0.030
 0.060        0.030
 0.580        0.034
 0.700        0.040
 0.800        0.040
 0.860        0.044
 1.060        0.052
 1.180        0.060
 1.430        0.068
 1.500        0.070
 1.730        0.070

Mi comune
 0.000        0.028
 0.100        0.028
 0.200        0.028
 0.300        0.028
 0.400        0.030
 0.580        0.038
 0.800        0.046
 0.900        0.048
 1.250        0.066
 1.350        0.070
 1.600        0.076

Okapi
 0.000        0.029
 0.540        0.029
 0.600        0.042
 0.650        0.046
 0.710        0.046
 0.790        0.048
 0.890        0.048
 1.000        0.048
 1.290        0.060
 1.730        0.080
 1.920        0.088
 2.090        0.090

Dragon
 0.000        0.029
 0.210        0.029
 0.310        0.030
 0.410        0.030
 0.570        0.038
 0.810        0.048
 0.910        0.050
 1.360        0.070
 1.530        0.078
 1.710        0.080

Mathmos
 0.000        0.029
 0.030        0.029
 0.031        0.035
 0.200        0.035
 0.330        0.036
 0.380        0.038
 0.430        0.040
 0.780        0.043
 0.980        0.053
 1.100        0.062
 1.180        0.055
 1.230        0.054
 1.450        0.070
 1.690        0.070

Slide chiuso
 0.000        0.031
 0.570        0.031
 0.680        0.047
 0.780        0.047
 0.900        0.047
 1.270        0.066
 1.370        0.070
 1.640        0.080

Agave circa
 0.0000  0.0340
 0.4000  0.0400
 1.2000  0.0720
 1.6000  0.0770
